67
4779
274
10322
199184
119416
171772
3408
20991
15312
684
1379
60668
58990
35972
104
1872
6277
1840
802
217
64742
8424
212
543
11014
1967
2743
939
2882
3173
7792
6781
460
2273
4062
2097
7648
164
2604
5664
25866
7698
7490
65657
8649
1947
55198
9534
798
80171
6817
10611
16873
1453
1791
2522
188736
7182
2270
35273
420
388
229
185899
10087
6814
17063
74
234
108
8973
19902
190665
9108
621
1483
72
3332035
72548
9386
15404
24274
6945
9759
4786
381
5453
14124
8115
211265
3282
1637
2982
31974
150
3244
7050
402
1415
27000
133004
566
6400
2982
3176
977
204
55208
178
88784
1254
150
99
760
3863
1736
304
912
100275
135
4705
79
98086
578
13650
38974
18489
20304
9003
92734
1517
942
2772
106
4625
9551
85
9399
4355
2742
1362
137711
10222
4756
4949
25115
1144
7737
51453
633
1782
1045
1066
820
13651
81394
4523
623
4990
3191
535
13376
2200
2554
7273
3499
16823
800
2774
1576
23593
1671
17731
2258
7746
28750
314
1810