239
562
19474
735
419
7391
785
594
5688
2396
5655
10216
450
335
27305
940
581
617
25059
20024
20579
992
315
3324
1030
2250
690
309
319
527
1539
5447
683
650
1250
3910
397
582
234
224
1288
1992
8231
5679
1238
16445
3630
658
2064
1290
1810
977
1793
3965
7770
1658
395
650
2624
799
2264
624
836
378
7233
841
317
987
543
894
4594
22829
1108
252
6203
757
382
230595
1816
18527
1157
5308
2909
2677
365
1192
7220
1929
10673
12159
9951
960
5161
582
993
983
994
4061
146
3755
3664
555
2258
339
149
20580
305
480
1845
22275
411
3558
2752
8349
5376
2039
1069
3130
585
58939
458
1105
1228
1093
14803
1147
5709
1034
9436
310
1160
11676
1128
867
1595
9664
1099
274
1644
388
2207
5559
2313
956
406
2617
12562
530
15105
283
524
769
736
3115
618
702
219
2574
2060
2116
936
676
12165
3013
651
7466
986
527
2009
1003
2157
865
19885
2568
4092
13282
1493
2340
7995
1507
18533
3138
2802
4979
643
7186
20070
2829
2318
1437
14258
4327
7665
371
323763
4511
2383
2252
3209
2386
9611
1089
354
4415
9850
692
410
1533
1336
341
6579
4415
3804
42813
2860
4465
3872
22298
9125
1929
3658
5317
2076
1441
20688
2775
1485
10317
7256
16946
22003
29781
7473
9779
833
710
4640
1003
1045
356
2312
6882
4866
628
8460
1406
1000
1088
3085
2507
621
780
22259
848
1793
25233
3971
8340
3030
943
21645
4359
296
14263
6101
704
1140
2754
2015
745
382
21128
222
2272
2235
563
4649
299
63
366
1731
1269
2325
806
1381
12940
247
498
1306
329
4094
142532
21603
2208
28813
283
3278
2147
416
3703
22956
259
5081
4244
10726
12537
3465
1137
3115
282
16069
8048
1665
3997
9659
662
422
475
1102
2038
7989
243
12655
2921
3335
393
2953
2148
2973
1215
753
2046
1675
3254
76547
12288
3307
16618
1251
1324
6537
19491
4820
6057
3089
7324
11160
22780
12804
7098
16400
28157
5137
10782
3391
29551
2597
5305
5107
2874
17167
622
1500
4660
5742
30887
1215
4690
3996
8635
138981
39530
16505
12373
7217
825
10388
7833
3686
13481
2545
13682
6544
3289
5741
3851
27727
888
18316
4608
297
24125
47541
19271
2577
2642
3559
7003
27229
1523
9427
17418
38698
2325
9161
6798
5104
2054
3646
14052
2542
10884
2966
11862
1523
40162
4222
1441
3305
5627
22472
608
14172
8539
4246
684025
9420
25374
9376
51718
8029
4640
994
6814
4939
7700
19265
1255
1275
25195
682
596
12311
803
560
132
708
3817
221
200578
207
146
3417
4439
335
237
2931
326
221
1012
144
4643
58
254
241
12917
1153
3573
8375
109
302
1540
202
15023
4202
89975
588
767
2235
1991
1094
3029
3034
10336
1191
533
18507
20425
451
484
198
1611
389
1422
704
829
5381
1209
7386
8778
508
32858
550
189
6354
2233
437
924
387
4358
11247
1551
297
1594
106510
237
494
288
2105
379
521
2527
229
4032
958
373
400
3518
581
4092
278
820
378
258
1914
6558
18919
6160
28245
2972
5205
4995
1444
123639
5498
30953
22811
24219
7164
714
7559
2224
3020
88709
19649
23661
111811
3802
1697
2002
213231
6675
63773
11738
7887
5441
5634
42069
6929
89813
29675
93927
4486
2742
33646
69805
2638
18621
799
7000
16363
12864
480
12165
1362
5434
2554
1059
380
6773
829
43674
26879
1848
1924
3967
13512
2065
281
41178
391
8050
2522
1264
4068
185
230
9244
460
75801
1557
3079
1437
454
925
1780
8435
1767
801
1598
750
232
28412
3910
2522
8111
25023
3494
1339
3875
3014
1337
3647
1592
592
76975
280
3322
85598
2891
1591
410
2307
3331
774
1621
915
400
561
243
523
586384
17857
156295
91691
1220
5413
2937
588
970
21913
4480
280
3290
9886
279
51300
2795
33329
187
1647
611
447
3418
3678
2347
70434
20932
767
2441
85377
4113
3302
1405
3348
5360
2059
2823
958
21587
10265
468
35788
5349
3539
1680
2187
15723
17211
2558
4984
2605
2967
1525
437
1695
2643
1708
1780
606
1300
14801
3173
3901
738
7067
896
1363
934
604
1565
3023
1352
561
5175
2782
605
348
574
5559
2436
2737
1881
902
1962
111888
3319
1223
11449
1604
444
55096
3579
806
11375
6586
24363
10041
1606
4427
1826
1735
5325
2822
5975
4594
2168
2226
5015
3453
3823
866
657
2729
4442
2081
1710
2137
1043
2434
13871
13301
7108
1349
746
33810
3566
4238
10344
2964
7933
920
6079
383
4261