2021
180
15162005.87
652860
9166260
1246700
28750
470
13166242.9
98647.9
2780400
29740
200
440
7741220
83879
86600
27830
30530
114760
274220
147570
111000
790
13880
51210
207630
22970
4290
1098580
8515770
430
5770
38390
581730
622980
15634410
1166811.04
41290.7
198
756700
9562910
322460
475440
2344860
342000
1140619.05
1861
4030
51100
434990
109880
444
264
9250
78871.04
357590
23200
750
42920
146839.31
2381741
16276613.77
34243019.62
24830819.77
23233393
28813792.01
256370
1001450
2760488.464
121630.327
505964.594
45340
1136239.544
4254350.224
20757138.87
338470
18270
549086.87
12960
700
267670
243610
69700
238530
10
245860
11300
36130
28050
131960
340
410450
108890
540
214970
43470244.91
1110
112490
19801755.87
88070
27750
93030
73008935.13
98648947
25640011.87
4459474
1916906.77
21180537.87
570
3287260
70280
1745150
435050
103000
22070
302068
10990
89318
377974
2724900
580370
199950
181040
810
260
100430
17820
18356325.36
236800
10450
111370
1759540
620
20523017.36
20814208.87
15028977.87
160
65610
24782149
96104642
30360
45779851.95
65290
2590
64590
33
50
446550
90.084
33850
587295
300
11385561.9
1964375
180
81075664.13
25710
1240190
320
676590
8775234
13810
1564116
460
799380
1030700
2007
118480
330411
25470210
824290
18580
1267000
923770
130370
41540
624500
147180
20
267710
43493178.97
309500
2072798
796100
75320
1285220
300000
460
462840
312710
20691219.33
8870
120540
92230
406752
6025
65150
39302415.92
3471
11490
238400
17098250
26340
5135270
2149690
1878000
196710
728
28900
72300
21040
60
637660
84990
24327805.87
646883
24328265.87
2572938
960
163820
49030
20480
528860.72
17360
34
460
185180
950
1284000
16156093.77
23872573
56790
513120
141379
488100
20387535.36
14870
8769209
750
5135270
24328265.87
5130
163610
785350
30
947300
241550
603550
56293515.13
176220
9831510
448924
390
912050
150
350
331340
12190
140486936.9
2840
527970
1219090
752610
390760